0.00	0.00	0.00	0.00	0.00	0.00	0.00	0.00	0.00	0.00	0.00	0.00

0.00	0.00	0.00	0.00	0.00	0.00	0.00	0.00	0.00	0.00	0.00	0.00

0.00	0.00	0.00	0.00	0.00	0.00	0.00	0.00	0.00	0.00	0.00	0.00

0.00	0.00	0.00	0.00	0.00	0.00	0.00	0.00	0.00	0.00	0.00	0.00

0.00	0.00	0.00	0.00	0.00	0.00	0.00	0.00	0.00	0.00	0.00	0.00

0.00	0.00	0.00	0.00	0.00	0.00	0.00	0.00	0.00	0.00	0.00	0.00

0.00	0.00	0.00	0.00	0.00	0.00	0.00	0.00	0.00	0.00	0.00	0.00

0.00	0.00	0.00	0.00	0.00	0.00	0.00	0.00	0.00	0.00	0.00	0.00

0.00	0.00	0.00	0.00	0.00	0.00	0.00	0.00	0.00	0.00	0.00	0.00

0.00	0.00	0.00	0.00	0.00	0.00	0.00	0.00	0.00	0.00	0.00	0.00

0.00	0.00	0.00	0.00	0.00	0.00	0.00	0.00	0.00	0.00	0.00	0.00

0.00	0.00	0.00	0.00	0.00	0.00	0.00	0.00	0.00	0.00	0.00	0.00

0.00	0.00	0.00	0.00	0.00	0.00	0.00	0.00	0.00	0.00	0.00	0.00

0.00	0.00	0.00	0.00	0.00	0.00	0.00	0.00	0.00	0.00	0.00	0.00

0.00	0.00	0.00	0.00	0.00	0.00	0.00	0.00	0.00	0.00	0.00	0.00

0.00	0.00	0.00	0.00	0.00	0.00	0.00	0.00	0.00	0.00	0.00	0.00

0.00	0.00	0.00	0.00	0.00	0.00	0.00	0.00	0.00	0.00	0.00	0.00

0.00	0.00	0.00	0.00	0.00	0.00	0.00	0.00	0.00	0.00	0.00	0.00

0.00	0.00	0.00	0.00	0.00	0.00	0.00	0.00	0.00	0.00	0.00	0.00

0.00	0.00	0.00	0.00	0.00	0.00	0.00	0.00	0.00	0.00	0.00	0.00

24.00	-30.00	24.00	-30.00	0.05	-0.06	0.94	-1.18	24.00	-30.00	-0.35	0.53

89.00	-102.00	65.00	-72.00	0.13	-0.14	2.55	-2.83	89.00	-102.00	-0.41	1.34

177.00	-199.00	88.00	-97.00	0.17	-0.19	3.46	-3.81	177.00	-199.00	-0.53	1.82

274.00	-309.00	97.00	-110.00	0.19	-0.22	3.81	-4.32	274.00	-309.00	-0.77	2.03

379.00	-428.00	105.00	-119.00	0.21	-0.23	4.12	-4.67	379.00	-428.00	-0.82	2.20

488.00	-553.00	109.00	-125.00	0.21	-0.25	4.28	-4.91	488.00	-553.00	-0.94	2.30

599.00	-679.00	111.00	-126.00	0.22	-0.25	4.36	-4.95	599.00	-679.00	-0.88	2.33

713.00	-808.00	114.00	-129.00	0.22	-0.25	4.48	-5.07	713.00	-808.00	-0.88	2.39

829.00	-937.00	116.00	-129.00	0.23	-0.25	4.56	-5.07	829.00	-937.00	-0.77	2.41

945.00	-1067.00	116.00	-130.00	0.23	-0.26	4.56	-5.11	945.00	-1067.00	-0.82	2.42

1061.00	-1196.00	116.00	-129.00	0.23	-0.25	4.56	-5.07	1061.00	-1196.00	-0.77	2.41

1177.00	-1325.00	116.00	-129.00	0.23	-0.25	4.56	-5.07	1177.00	-1325.00	-0.77	2.41

1292.00	-1457.00	115.00	-132.00	0.23	-0.26	4.52	-5.18	1292.00	-1457.00	-1.00	2.42

1404.00	-1588.00	112.00	-131.00	0.22	-0.26	4.40	-5.14	1404.00	-1588.00	-1.12	2.39

1514.00	-1716.00	110.00	-128.00	0.22	-0.25	4.32	-5.03	1514.00	-1716.00	-1.06	2.34

1629.00	-1847.00	115.00	-131.00	0.23	-0.26	4.52	-5.14	1629.00	-1847.00	-0.94	2.42

1744.00	-1979.00	115.00	-132.00	0.23	-0.26	4.52	-5.18	1744.00	-1979.00	-1.00	2.42

1856.00	-2109.00	112.00	-130.00	0.22	-0.26	4.40	-5.11	1856.00	-2109.00	-1.06	2.38

1971.00	-2240.00	115.00	-131.00	0.23	-0.26	4.52	-5.14	1971.00	-2240.00	-0.94	2.42

2086.00	-2371.00	115.00	-131.00	0.23	-0.26	4.52	-5.14	2086.00	-2371.00	-0.94	2.42

2199.00	-2500.00	113.00	-129.00	0.22	-0.25	4.44	-5.07	2199.00	-2500.00	-0.94	2.38

2314.00	-2631.00	115.00	-131.00	0.23	-0.26	4.52	-5.14	2314.00	-2631.00	-0.94	2.42

2426.00	-2762.00	112.00	-131.00	0.22	-0.26	4.40	-5.14	2426.00	-2762.00	-1.12	2.39

2540.00	-2894.00	114.00	-132.00	0.22	-0.26	4.48	-5.18	2540.00	-2894.00	-1.06	2.42

2655.00	-3026.00	115.00	-132.00	0.23	-0.26	4.52	-5.18	2655.00	-3026.00	-1.00	2.42

2773.00	-3157.00	118.00	-131.00	0.23	-0.26	4.63	-5.14	2773.00	-3157.00	-0.77	2.44

2889.00	-3287.00	116.00	-130.00	0.23	-0.26	4.56	-5.11	2889.00	-3287.00	-0.82	2.42

3006.00	-3416.00	117.00	-129.00	0.23	-0.25	4.59	-5.07	3006.00	-3416.00	-0.71	2.42

3123.00	-3548.00	117.00	-132.00	0.23	-0.26	4.59	-5.18	3123.00	-3548.00	-0.88	2.44

3240.00	-3680.00	117.00	-132.00	0.23	-0.26	4.59	-5.18	3240.00	-3680.00	-0.88	2.44

3357.00	-3810.00	117.00	-130.00	0.23	-0.26	4.59	-5.11	3357.00	-3810.00	-0.77	2.42

3474.00	-3942.00	117.00	-132.00	0.23	-0.26	4.59	-5.18	3474.00	-3942.00	-0.88	2.44

3589.00	-4070.00	115.00	-128.00	0.23	-0.25	4.52	-5.03	3589.00	-4070.00	-0.77	2.39

3706.00	-4202.00	117.00	-132.00	0.23	-0.26	4.59	-5.18	3706.00	-4202.00	-0.88	2.44

3822.00	-4332.00	116.00	-130.00	0.23	-0.26	4.56	-5.11	3822.00	-4332.00	-0.82	2.42

3939.00	-4463.00	117.00	-131.00	0.23	-0.26	4.59	-5.14	3939.00	-4463.00	-0.82	2.43

4059.00	-4595.00	120.00	-132.00	0.24	-0.26	4.71	-5.18	4059.00	-4595.00	-0.71	2.47

4179.00	-4728.00	120.00	-133.00	0.24	-0.26	4.71	-5.22	4179.00	-4728.00	-0.77	2.48

4296.00	-4858.00	117.00	-130.00	0.23	-0.26	4.59	-5.11	4296.00	-4858.00	-0.77	2.42

4412.00	-4988.00	116.00	-130.00	0.23	-0.26	4.56	-5.11	4412.00	-4988.00	-0.82	2.42

4529.00	-5119.00	117.00	-131.00	0.23	-0.26	4.59	-5.14	4529.00	-5119.00	-0.82	2.43

4646.00	-5250.00	117.00	-131.00	0.23	-0.26	4.59	-5.14	4646.00	-5250.00	-0.82	2.43

4762.00	-5382.00	116.00	-132.00	0.23	-0.26	4.56	-5.18	4762.00	-5382.00	-0.94	2.43

4874.00	-5510.00	112.00	-128.00	0.22	-0.25	4.40	-5.03	4874.00	-5510.00	-0.94	2.36

4990.00	-5642.00	116.00	-132.00	0.23	-0.26	4.56	-5.18	4990.00	-5642.00	-0.94	2.43

5107.00	-5772.00	117.00	-130.00	0.23	-0.26	4.59	-5.11	5107.00	-5772.00	-0.77	2.42

5227.00	-5903.00	120.00	-131.00	0.24	-0.26	4.71	-5.14	5227.00	-5903.00	-0.65	2.46

5344.00	-6036.00	117.00	-133.00	0.23	-0.26	4.59	-5.22	5344.00	-6036.00	-0.94	2.45

5460.00	-6166.00	116.00	-130.00	0.23	-0.26	4.56	-5.11	5460.00	-6166.00	-0.82	2.42

5575.00	-6295.00	115.00	-129.00	0.23	-0.25	4.52	-5.07	5575.00	-6295.00	-0.82	2.40

5695.00	-6428.00	120.00	-133.00	0.24	-0.26	4.71	-5.22	5695.00	-6428.00	-0.77	2.48

5815.00	-6559.00	120.00	-131.00	0.24	-0.26	4.71	-5.14	5815.00	-6559.00	-0.65	2.46

5935.00	-6689.00	120.00	-130.00	0.24	-0.26	4.71	-5.11	5935.00	-6689.00	-0.59	2.45

6055.00	-6819.00	120.00	-130.00	0.24	-0.26	4.71	-5.11	6055.00	-6819.00	-0.59	2.45

6174.00	-6951.00	119.00	-132.00	0.23	-0.26	4.67	-5.18	6174.00	-6951.00	-0.77	2.46

6289.00	-7080.00	115.00	-129.00	0.23	-0.25	4.52	-5.07	6289.00	-7080.00	-0.82	2.40

6409.00	-7211.00	120.00	-131.00	0.24	-0.26	4.71	-5.14	6409.00	-7211.00	-0.65	2.46

6528.00	-7342.00	119.00	-131.00	0.23	-0.26	4.67	-5.14	6528.00	-7342.00	-0.71	2.45

6644.00	-7473.00	116.00	-131.00	0.23	-0.26	4.56	-5.14	6644.00	-7473.00	-0.88	2.42

6760.00	-7603.00	116.00	-130.00	0.23	-0.26	4.56	-5.11	6760.00	-7603.00	-0.82	2.42

6876.00	-7735.00	116.00	-132.00	0.23	-0.26	4.56	-5.18	6876.00	-7735.00	-0.94	2.43

6990.00	-7865.00	114.00	-130.00	0.22	-0.26	4.48	-5.11	6990.00	-7865.00	-0.94	2.40

7106.00	-7996.00	116.00	-131.00	0.23	-0.26	4.56	-5.14	7106.00	-7996.00	-0.88	2.42

7222.00	-8126.00	116.00	-130.00	0.23	-0.26	4.56	-5.11	7222.00	-8126.00	-0.82	2.42

7338.00	-8258.00	116.00	-132.00	0.23	-0.26	4.56	-5.18	7338.00	-8258.00	-0.94	2.43

7457.00	-8388.00	119.00	-130.00	0.23	-0.26	4.67	-5.11	7457.00	-8388.00	-0.65	2.44

7575.00	-8516.00	118.00	-128.00	0.23	-0.25	4.63	-5.03	7575.00	-8516.00	-0.59	2.42

7695.00	-8647.00	120.00	-131.00	0.24	-0.26	4.71	-5.14	7695.00	-8647.00	-0.65	2.46

7815.00	-8779.00	120.00	-132.00	0.24	-0.26	4.71	-5.18	7815.00	-8779.00	-0.71	2.47

7935.00	-8911.00	120.00	-132.00	0.24	-0.26	4.71	-5.18	7935.00	-8911.00	-0.71	2.47

8054.00	-9041.00	119.00	-130.00	0.23	-0.26	4.67	-5.11	8054.00	-9041.00	-0.65	2.44

8171.00	-9173.00	117.00	-132.00	0.23	-0.26	4.59	-5.18	8171.00	-9173.00	-0.88	2.44

8286.00	-9301.00	115.00	-128.00	0.23	-0.25	4.52	-5.03	8286.00	-9301.00	-0.77	2.39

8405.00	-9433.00	119.00	-132.00	0.23	-0.26	4.67	-5.18	8405.00	-9433.00	-0.77	2.46

8525.00	-9563.00	120.00	-130.00	0.24	-0.26	4.71	-5.11	8525.00	-9563.00	-0.59	2.45

8642.00	-9696.00	117.00	-133.00	0.23	-0.26	4.59	-5.22	8642.00	-9696.00	-0.94	2.45

8758.00	-9826.00	116.00	-130.00	0.23	-0.26	4.56	-5.11	8758.00	-9826.00	-0.82	2.42

8874.00	-9957.00	116.00	-131.00	0.23	-0.26	4.56	-5.14	8874.00	-9957.00	-0.88	2.42

8988.00	-10086.00	114.00	-129.00	0.22	-0.25	4.48	-5.07	8988.00	-10086.00	-0.88	2.39

9104.00	-10218.00	116.00	-132.00	0.23	-0.26	4.56	-5.18	9104.00	-10218.00	-0.94	2.43

9220.00	-10348.00	116.00	-130.00	0.23	-0.26	4.56	-5.11	9220.00	-10348.00	-0.82	2.42

9336.00	-10480.00	116.00	-132.00	0.23	-0.26	4.56	-5.18	9336.00	-10480.00	-0.94	2.43

9455.00	-10610.00	119.00	-130.00	0.23	-0.26	4.67	-5.11	9455.00	-10610.00	-0.65	2.44

9575.00	-10742.00	120.00	-132.00	0.24	-0.26	4.71	-5.18	9575.00	-10742.00	-0.71	2.47

9693.00	-10872.00	118.00	-130.00	0.23	-0.26	4.63	-5.11	9693.00	-10872.00	-0.71	2.43

9812.00	-11002.00	119.00	-130.00	0.23	-0.26	4.67	-5.11	9812.00	-11002.00	-0.65	2.44

9928.00	-11133.00	116.00	-131.00	0.23	-0.26	4.56	-5.14	9928.00	-11133.00	-0.88	2.42

10047.00	-11264.00	119.00	-131.00	0.23	-0.26	4.67	-5.14	10047.00	-11264.00	-0.71	2.45

10167.00	-11394.00	120.00	-130.00	0.24	-0.26	4.71	-5.11	10167.00	-11394.00	-0.59	2.45

10286.00	-11525.00	119.00	-131.00	0.23	-0.26	4.67	-5.14	10286.00	-11525.00	-0.71	2.45

10400.00	-11654.00	114.00	-129.00	0.22	-0.25	4.48	-5.07	10400.00	-11654.00	-0.88	2.39

10517.00	-11786.00	117.00	-132.00	0.23	-0.26	4.59	-5.18	10517.00	-11786.00	-0.88	2.44

10637.00	-11916.00	120.00	-130.00	0.24	-0.26	4.71	-5.11	10637.00	-11916.00	-0.59	2.45

10756.00	-12048.00	119.00	-132.00	0.23	-0.26	4.67	-5.18	10756.00	-12048.00	-0.77	2.46

10872.00	-12179.00	116.00	-131.00	0.23	-0.26	4.56	-5.14	10872.00	-12179.00	-0.88	2.42

10988.00	-12309.00	116.00	-130.00	0.23	-0.26	4.56	-5.11	10988.00	-12309.00	-0.82	2.42

11107.00	-12442.00	119.00	-133.00	0.23	-0.26	4.67	-5.22	11107.00	-12442.00	-0.82	2.47

11227.00	-12572.00	120.00	-130.00	0.24	-0.26	4.71	-5.11	11227.00	-12572.00	-0.59	2.45

11347.00	-12705.00	120.00	-133.00	0.24	-0.26	4.71	-5.22	11347.00	-12705.00	-0.77	2.48

11467.00	-12836.00	120.00	-131.00	0.24	-0.26	4.71	-5.14	11467.00	-12836.00	-0.65	2.46

11586.00	-12966.00	119.00	-130.00	0.23	-0.26	4.67	-5.11	11586.00	-12966.00	-0.65	2.44

11700.00	-13096.00	114.00	-130.00	0.22	-0.26	4.48	-5.11	11700.00	-13096.00	-0.94	2.40

11819.00	-13227.00	119.00	-131.00	0.23	-0.26	4.67	-5.14	11819.00	-13227.00	-0.71	2.45

11938.00	-13357.00	119.00	-130.00	0.23	-0.26	4.67	-5.11	11938.00	-13357.00	-0.65	2.44

12057.00	-13488.00	119.00	-131.00	0.23	-0.26	4.67	-5.14	12057.00	-13488.00	-0.71	2.45

12171.00	-13615.00	114.00	-127.00	0.22	-0.25	4.48	-4.99	12171.00	-13615.00	-0.77	2.37

12262.00	-13720.00	91.00	-105.00	0.18	-0.21	3.57	-4.12	12262.00	-13720.00	-0.82	1.92

12333.00	-13806.00	71.00	-86.00	0.14	-0.17	2.79	-3.38	12333.00	-13806.00	-0.88	1.54