-2.00	-1.00	-2.00	-1.00	-0.00	-0.00	-0.08	-0.04	-2.00	-1.00	-0.18	-0.01

1.00	-5.00	3.00	-4.00	0.01	-0.01	0.12	-0.16	1.00	-5.00	-0.06	0.07

2.00	-11.00	1.00	-6.00	0.00	-0.01	0.04	-0.24	2.00	-11.00	-0.29	0.07

2.00	-13.00	0.00	-2.00	0.00	-0.00	0.00	-0.08	2.00	-13.00	-0.12	0.02

2.00	-14.00	0.00	-1.00	0.00	-0.00	0.00	-0.04	2.00	-14.00	-0.06	0.01

7.00	-17.00	5.00	-3.00	0.01	-0.01	0.20	-0.12	7.00	-17.00	0.12	0.08

17.00	-23.00	10.00	-6.00	0.02	-0.01	0.39	-0.24	17.00	-23.00	0.24	0.16

28.00	-32.00	11.00	-9.00	0.02	-0.02	0.43	-0.35	28.00	-32.00	0.12	0.20

40.00	-45.00	12.00	-13.00	0.02	-0.03	0.47	-0.51	40.00	-45.00	-0.06	0.25

58.00	-62.00	18.00	-17.00	0.04	-0.03	0.71	-0.67	58.00	-62.00	0.06	0.34

78.00	-82.00	20.00	-20.00	0.04	-0.04	0.79	-0.79	78.00	-82.00	0.00	0.39

101.00	-103.00	23.00	-21.00	0.05	-0.04	0.90	-0.82	101.00	-103.00	0.12	0.43

127.00	-128.00	26.00	-25.00	0.05	-0.05	1.02	-0.98	127.00	-128.00	0.06	0.50

153.00	-154.00	26.00	-26.00	0.05	-0.05	1.02	-1.02	153.00	-154.00	0.00	0.51

178.00	-181.00	25.00	-27.00	0.05	-0.05	0.98	-1.06	178.00	-181.00	-0.12	0.51

202.00	-212.00	24.00	-31.00	0.05	-0.06	0.94	-1.22	202.00	-212.00	-0.41	0.54

231.00	-244.00	29.00	-32.00	0.06	-0.06	1.14	-1.26	231.00	-244.00	-0.18	0.60

260.00	-277.00	29.00	-33.00	0.06	-0.06	1.14	-1.30	260.00	-277.00	-0.24	0.61

289.00	-311.00	29.00	-34.00	0.06	-0.07	1.14	-1.34	289.00	-311.00	-0.29	0.62

318.00	-345.00	29.00	-34.00	0.06	-0.07	1.14	-1.34	318.00	-345.00	-0.29	0.62

347.00	-380.00	29.00	-35.00	0.06	-0.07	1.14	-1.37	347.00	-380.00	-0.35	0.63

378.00	-417.00	31.00	-37.00	0.06	-0.07	1.22	-1.45	378.00	-417.00	-0.35	0.67

413.00	-455.00	35.00	-38.00	0.07	-0.07	1.37	-1.49	413.00	-455.00	-0.18	0.72

450.00	-496.00	37.00	-41.00	0.07	-0.08	1.45	-1.61	450.00	-496.00	-0.24	0.77

490.00	-540.00	40.00	-44.00	0.08	-0.09	1.57	-1.73	490.00	-540.00	-0.24	0.82

533.00	-586.00	43.00	-46.00	0.08	-0.09	1.69	-1.81	533.00	-586.00	-0.18	0.87

576.00	-631.00	43.00	-45.00	0.08	-0.09	1.69	-1.77	576.00	-631.00	-0.12	0.86

621.00	-676.00	45.00	-45.00	0.09	-0.09	1.77	-1.77	621.00	-676.00	0.00	0.88

667.00	-722.00	46.00	-46.00	0.09	-0.09	1.81	-1.81	667.00	-722.00	0.00	0.90

713.00	-767.00	46.00	-45.00	0.09	-0.09	1.81	-1.77	713.00	-767.00	0.06	0.89

758.00	-812.00	45.00	-45.00	0.09	-0.09	1.77	-1.77	758.00	-812.00	0.00	0.88

803.00	-858.00	45.00	-46.00	0.09	-0.09	1.77	-1.81	803.00	-858.00	-0.06	0.89

846.00	-901.00	43.00	-43.00	0.08	-0.08	1.69	-1.69	846.00	-901.00	0.00	0.84

888.00	-948.00	42.00	-47.00	0.08	-0.09	1.65	-1.85	888.00	-948.00	-0.29	0.87

935.00	-995.00	47.00	-47.00	0.09	-0.09	1.85	-1.85	935.00	-995.00	0.00	0.92

982.00	-1044.00	47.00	-49.00	0.09	-0.10	1.85	-1.92	982.00	-1044.00	-0.12	0.94

1028.00	-1093.00	46.00	-49.00	0.09	-0.10	1.81	-1.92	1028.00	-1093.00	-0.18	0.93

1074.00	-1142.00	46.00	-49.00	0.09	-0.10	1.81	-1.92	1074.00	-1142.00	-0.18	0.93

1123.00	-1194.00	49.00	-52.00	0.10	-0.10	1.92	-2.04	1123.00	-1194.00	-0.18	0.99

1175.00	-1243.00	52.00	-49.00	0.10	-0.10	2.04	-1.92	1175.00	-1243.00	0.18	0.99

1224.00	-1294.00	49.00	-51.00	0.10	-0.10	1.92	-2.00	1224.00	-1294.00	-0.12	0.98

1275.00	-1346.00	51.00	-52.00	0.10	-0.10	2.00	-2.04	1275.00	-1346.00	-0.06	1.01

1326.00	-1399.00	51.00	-53.00	0.10	-0.10	2.00	-2.08	1326.00	-1399.00	-0.12	1.02

1377.00	-1454.00	51.00	-55.00	0.10	-0.11	2.00	-2.16	1377.00	-1454.00	-0.24	1.04

1428.00	-1509.00	51.00	-55.00	0.10	-0.11	2.00	-2.16	1428.00	-1509.00	-0.24	1.04

1476.00	-1563.00	48.00	-54.00	0.09	-0.11	1.88	-2.12	1476.00	-1563.00	-0.35	1.00

1524.00	-1620.00	48.00	-57.00	0.09	-0.11	1.88	-2.24	1524.00	-1620.00	-0.53	1.03

1573.00	-1675.00	49.00	-55.00	0.10	-0.11	1.92	-2.16	1573.00	-1675.00	-0.35	1.02

1622.00	-1729.00	49.00	-54.00	0.10	-0.11	1.92	-2.12	1622.00	-1729.00	-0.29	1.01

1671.00	-1782.00	49.00	-53.00	0.10	-0.10	1.92	-2.08	1671.00	-1782.00	-0.24	1.00

1724.00	-1837.00	53.00	-55.00	0.10	-0.11	2.08	-2.16	1724.00	-1837.00	-0.12	1.06

1775.00	-1890.00	51.00	-53.00	0.10	-0.10	2.00	-2.08	1775.00	-1890.00	-0.12	1.02

1829.00	-1943.00	54.00	-53.00	0.11	-0.10	2.12	-2.08	1829.00	-1943.00	0.06	1.05

1885.00	-1995.00	56.00	-52.00	0.11	-0.10	2.20	-2.04	1885.00	-1995.00	0.24	1.06

1938.00	-2045.00	53.00	-50.00	0.10	-0.10	2.08	-1.96	1938.00	-2045.00	0.18	1.01

1986.00	-2096.00	48.00	-51.00	0.09	-0.10	1.88	-2.00	1986.00	-2096.00	-0.18	0.97

2038.00	-2148.00	52.00	-52.00	0.10	-0.10	2.04	-2.04	2038.00	-2148.00	0.00	1.02

2091.00	-2202.00	53.00	-54.00	0.10	-0.11	2.08	-2.12	2091.00	-2202.00	-0.06	1.05

2147.00	-2256.00	56.00	-54.00	0.11	-0.11	2.20	-2.12	2147.00	-2256.00	0.12	1.08

2200.00	-2308.00	53.00	-52.00	0.10	-0.10	2.08	-2.04	2200.00	-2308.00	0.06	1.03

2253.00	-2360.00	53.00	-52.00	0.10	-0.10	2.08	-2.04	2253.00	-2360.00	0.06	1.03

2304.00	-2411.00	51.00	-51.00	0.10	-0.10	2.00	-2.00	2304.00	-2411.00	0.00	1.00

2356.00	-2463.00	52.00	-52.00	0.10	-0.10	2.04	-2.04	2356.00	-2463.00	0.00	1.02

2407.00	-2513.00	51.00	-50.00	0.10	-0.10	2.00	-1.96	2407.00	-2513.00	0.06	0.99

